sd1.txt
* Sea-Bird SBE 9 Data File:
* FileName = D:\ctd897\s2d1.dat
* Software Version Seasave Win32 V 5.39c
* Temperature SN = 2860
* Conductivity SN = 2158
* Number of Bytes Per Scan = 37
* Number of Voltage Words = 4
* Number of Scans Averaged by the Deck Unit = 1
* NMEA Latitude = 25 40.250 N
* NMEA Longitude = 121 29.660 E
* NMEA UTC (Time) = Apr 29 2009  16:54:50
** Ship: OR1      
** Cruise:  897 
** Station:    s2d1
** Latitude:   25 40.239
** Longitude:  121 29.657
** Depth:  108m
# nquan = 14
# nvalues = 98                          
# units = metric
# name 0 = depS: depth, salt water [m]
# name 1 = t090: temperature, pri, ITS-90 [deg C]
# name 2 = c0S/m: conductivity, primary [S/m]
# name 3 = potemp090: potential temperature, pri, ITS-90 [deg C]
# name 4 = sal00: salinity, PSS-78 [PSU], T0, C0
# name 5 = sigma-é00: density, sigma-theta [kg/m^3], T0, C0
# name 6 = sbeox0Mm/Kg: Oxygen, SBE, primary [æmol/kg]
# name 7 = oxsatML/L: oxygen saturation [ml/l]
# name 8 = flC: fluorometer, chelsea
# name 9 = xmiss: transmissometer
# name 10 = bat: beam attenuation coefficient
# name 11 = par: irradiance (PAR)
# name 12 = flag:  0.000e+00
# name 13 = nbin: number of scans per bin
# span 0 = 4.000, 101.000               
# span 1 = 17.9360, 21.2698             
# span 2 = 4.530946, 4.832371           
# span 3 = 17.9216, 21.2665             
# span 4 = 34.2850, 34.5260             
# span 5 = 23.8772, 24.9282             
# span 6 = 163.32581, 207.79780         
# span 7 = 5.06768, 5.38482             
# span 8 = 7.4807e-02, 4.4062e-01       
# span 9 = 74.2611, 85.6020             
# span 10 = 0.622, 1.190                
# span 11 = 3.1942e-04, 3.1444e-02      
# span 12 = 0.0000e+00, 0.0000e+00      
# span 13 = 16.0000, 335.0000           
# interval = meters: 1                                  
# start_time = Apr 30 2009 00:54:38
# bad_flag = -9.990e-29
*END*
      4.000    21.2657   4.831436    21.2649    34.2853    23.8779  207.38681    5.06805
      5.000    21.2668   4.831575    21.2658    34.2852    23.8775  207.54769    5.06795
      6.000    21.2663   4.831579    21.2651    34.2853    23.8778  207.16535    5.06800
      7.000    21.2667   4.831669    21.2653    34.2854    23.8778  207.52207    5.06796
      8.000    21.2664   4.831697    21.2649    34.2854    23.8780  207.54336    5.06798
      9.000    21.2660   4.831682    21.2643    34.2853    23.8780  207.59692    5.06802
     10.000    21.2674   4.831862    21.2655    34.2853    23.8776  206.94233    5.06789
     11.000    21.2680   4.831978    21.2659    34.2854    23.8776  207.21701    5.06783
     12.000    21.2682   4.832023    21.2659    34.2852    23.8775  207.24196    5.06782
     13.000    21.2685   4.832092    21.2660    34.2852    23.8774  207.53245    5.06779
     14.000    21.2679   4.832064    21.2652    34.2851    23.8776  207.51143    5.06785
     15.000    21.2644   4.831783    21.2615    34.2854    23.8788  207.75156    5.06817
     16.000    21.2654   4.831910    21.2623    34.2852    23.8785  207.79780    5.06808
     17.000    21.2698   4.832371    21.2665    34.2850    23.8772  207.44081    5.06768
     18.000    21.2635   4.831814    21.2600    34.2853    23.8792  207.03357    5.06825
     19.000    21.2585   4.831384    21.2549    34.2855    23.8807  207.38011    5.06870
     20.000    21.2571   4.831288    21.2532    34.2856    23.8813  207.23399    5.06884
     21.000    21.2569   4.831331    21.2529    34.2857    23.8814  207.11448    5.06884
     22.000    21.2492   4.830648    21.2450    34.2860    23.8839  207.04290    5.06954
     23.000    21.2526   4.830988    21.2481    34.2857    23.8828  207.01008    5.06924
     24.000    21.2574   4.831487    21.2528    34.2855    23.8813  206.41607    5.06881
     25.000    21.2313   4.829018    21.2265    34.2864    23.8891  207.08783    5.07118
     26.000    21.2124   4.827215    21.2074    34.2868    23.8947  207.38238    5.07291
     27.000    21.0644   4.813476    21.0592    34.2955    23.9416  206.90495    5.08633
     28.000    20.8920   4.796940    20.8867    34.3014    23.9928  200.81274    5.10216
     29.000    20.5839   4.768272    20.5784    34.3190    24.0890  194.35985    5.13045
     30.000    20.4457   4.755667    20.4401    34.3287    24.1333  192.89254    5.14320
     31.000    20.1952   4.733186    20.1895    34.3494    24.2155  189.45988    5.16637
     32.000    19.6920   4.687242    19.6861    34.3847    24.3743  187.23673    5.21371
     33.000    19.3738   4.657686    19.3678    34.4025    24.4704  185.20595    5.24414
     34.000    19.2199   4.643461    19.2138    34.4113    24.5167  182.58053    5.25900
     35.000    19.0442   4.627131    19.0380    34.4207    24.5687  181.11719    5.27608
     36.000    18.9722   4.619796    18.9658    34.4189    24.5858  179.20969    5.28329
     37.000    18.8954   4.612420    18.8888    34.4208    24.6067  177.49892    5.29088
     38.000    18.8722   4.609907    18.8654    34.4187    24.6111  176.64360    5.29326
     39.000    18.8636   4.608935    18.8567    34.4174    24.6122  176.50247    5.29416
     40.000    18.8220   4.605261    18.8149    34.4209    24.6255  176.52423    5.29821
     41.000    18.7725   4.600674    18.7653    34.4233    24.6398  175.83346    5.30308
     42.000    18.5836   4.583679    18.5763    34.4378    24.6984  175.64993    5.32161
     43.000    18.4570   4.572222    18.4495    34.4468    24.7371  175.87328    5.33411
     44.000    18.3799   4.564975    18.3722    34.4498    24.7587  173.51256    5.34183
     45.000    18.3521   4.561964    18.3443    34.4473    24.7637  171.79185    5.34474
     46.000    18.3355   4.560485    18.3275    34.4483    24.7686  171.58091    5.34639
     47.000    18.3354   4.560290    18.3272    34.4465    24.7673  170.65011    5.34647
     48.000    18.1843   4.547599    18.1760    34.4655    24.8193  170.96731    5.36128
     49.000    18.0722   4.538756    18.0637    34.4844    24.8615  171.60324    5.37214
     50.000    18.0275   4.536079    18.0189    34.4990    24.8837  170.81775    5.37626
     51.000    17.9764   4.532952    17.9677    34.5151    24.9086  166.96744    5.38100
     52.000    17.9732   4.532675    17.9643    34.5151    24.9094  166.58890    5.38133
     53.000    17.9659   4.532271    17.9568    34.5174    24.9130  165.91022    5.38201
     54.000    17.9591   4.531874    17.9499    34.5194    24.9163  165.20387    5.38264
     55.000    17.9506   4.531504    17.9412    34.5231    24.9212  165.01505    5.38340
     56.000    17.9527   4.531523    17.9431    34.5210    24.9192  164.63120    5.38325
     57.000    17.9522   4.531492    17.9424    34.5209    24.9192  164.56275    5.38331
     58.000    17.9489   4.531342    17.9389    34.5220    24.9210  164.22985    5.38361
     59.000    17.9445   4.531129    17.9343    34.5236    24.9233  164.19145    5.38402
     60.000    17.9418   4.531047    17.9315    34.5247    24.9249  164.33360    5.38425
     61.000    17.9409   4.531022    17.9304    34.5249    24.9253  164.26089    5.38434
     62.000    17.9401   4.531019    17.9294    34.5252    24.9257  164.00663    5.38442
     63.000    17.9379   4.530946    17.9271    34.5260    24.9269  163.72462    5.38461
     64.000    17.9387   4.530998    17.9277    34.5254    24.9263  163.89632    5.38455
     65.000    17.9379   4.530976    17.9267    34.5256    24.9267  163.78753    5.38463
     66.000    17.9372   4.530975    17.9259    34.5257    24.9270  164.08452    5.38469
     67.000    17.9369   4.531006    17.9254    34.5259    24.9273  164.22175    5.38472
     68.000    17.9372   4.531053    17.9256    34.5257    24.9270  164.05308    5.38469
     69.000    17.9379   4.531108    17.9261    34.5252    24.9265  163.87859    5.38464
     70.000    17.9381   4.531134    17.9261    34.5248    24.9263  164.01031    5.38463
     71.000    17.9383   4.531192    17.9261    34.5248    24.9263  163.87959    5.38461
     72.000    17.9383   4.531236    17.9260    34.5248    24.9263  163.75790    5.38461
     73.000    17.9379   4.531253    17.9254    34.5250    24.9265  163.94005    5.38465
     74.000    17.9378   4.531296    17.9252    34.5250    24.9266  164.17999    5.38465
     75.000    17.9394   4.531408    17.9266    34.5242    24.9257  163.87557    5.38451
     76.000    17.9367   4.531347    17.9236    34.5257    24.9275  163.58247    5.38475
     77.000    17.9389   4.531472    17.9257    34.5244    24.9261  163.71950    5.38456
     78.000    17.9386   4.531510    17.9252    34.5247    24.9264  163.76925    5.38459
     79.000    17.9376   4.531519    17.9240    34.5252    24.9271  163.85843    5.38467
     80.000    17.9368   4.531522    17.9231    34.5255    24.9275  163.59675    5.38474
     81.000    17.9360   4.531526    17.9221    34.5259    24.9281  163.71940    5.38482
     82.000    17.9360   4.531576    17.9219    34.5260    24.9282  163.75527    5.38481
     83.000    17.9360   4.531621    17.9217    34.5260    24.9282  163.93557    5.38481
     84.000    17.9364   4.531678    17.9220    34.5258    24.9280  163.63627    5.38478
     85.000    17.9364   4.531728    17.9218    34.5258    24.9281  163.65374    5.38478
     86.000    17.9364   4.531794    17.9217    34.5259    24.9282  163.61374    5.38477
     87.000    17.9366   4.531846    17.9216    34.5259    24.9282  163.71908    5.38476
     88.000    17.9368   4.531897    17.9216    34.5258    24.9281  163.71629    5.38474
     89.000    17.9370   4.531963    17.9218    34.5257    24.9280  163.52694    5.38471
     90.000    17.9372   4.532017    17.9218    34.5257    24.9280  163.50060    5.38469
     91.000    17.9373   4.532082    17.9217    34.5258    24.9281  163.69678    5.38468
     92.000    17.9375   4.532121    17.9217    34.5256    24.9279  163.83127    5.38467
     93.000    17.9380   4.532195    17.9221    34.5254    24.9277  163.59425    5.38462
     94.000    17.9379   4.532236    17.9218    34.5255    24.9278  163.65722    5.38463
     95.000    17.9380   4.532292    17.9217    34.5255    24.9278  163.67975    5.38462
     96.000    17.9383   4.532347    17.9219    34.5253    24.9277  163.55417    5.38459
     97.000    17.9383   4.532398    17.9217    34.5254    24.9278  163.65525    5.38459
     98.000    17.9384   4.532449    17.9216    34.5254    24.9278  163.51774    5.38458
     99.000    17.9387   4.532519    17.9217    34.5254    24.9278  163.32581    5.38456
    100.000    17.9388   4.532584    17.9217    34.5254    24.9278  163.48161    5.38454
    101.000    17.9390   4.532635    17.9217    34.5253    24.9277  163.39164    5.38452
